City/Town,Ward,Pct,"Jack McMullen",Write-Ins,Blanks,"Total Votes Cast"
,,,
Addison,,,31,1,3,35
Albany,,,18,4,7,29
Alburgh,,,83,1,21,105
Andover,,,160,0,2,162
Arlington,,,24,1,2,27
Athens,,,9,0,2,11
Bakersfield,,,26,0,10,36
Baltimore,,,9,1,0,10
Barnard,,,27,0,3,30
Barnet,,,37,3,9,49
"Barre City",,,104,13,19,136
"Barre Town",,,151,14,22,187
Barton,,,21,9,5,35
Belvidere,,,7,2,0,9
Bennington,-,"Bennington 2-1",24,0,7,31
Bennington,-,"Bennington 2-2",33,1,9,43
Benson,,,22,1,1,24
Berkshire,,,41,9,23,73
Berlin,,,48,11,16,75
Bethel,,,17,3,2,22
Bloomfield,,,1,0,0,1
Bolton,,,7,5,2,14
Bradford,,,33,1,4,38
Braintree,,,12,1,2,15
Brandon,,,72,4,16,92
Brattleboro,-,"Windham 2-1",36,2,3,41
Brattleboro,-,"Windham 2-2",25,3,2,30
Brattleboro,-,"Windham 2-3",16,2,2,20
Bridgewater,,,7,3,1,11
Bridport,,,28,3,3,34
Brighton,,,19,6,7,32
Bristol,,,42,2,5,49
Brookfield,,,5,0,0,5
Brookline,,,12,0,2,14
Brownington,,,9,3,4,16
Brunswick,,,6,1,4,11
Burke,,,24,3,1,28
Burlington,-,"Chittenden 6-1",106,9,16,131
Burlington,-,"Chittenden 6-2",18,2,2,22
Burlington,-,"Chittenden 6-3",18,6,2,26
Burlington,-,"Chittenden 6-4",14,0,5,19
Burlington,-,"Chittenden 6-5",31,1,9,41
Burlington,-,"Chittenden 6-6",3,0,2,5
Burlington,-,"Chittenden 6-7",0,0,0,0
Cabot,,,10,2,2,14
Calais,,,17,3,2,22
Cambridge,,,38,4,6,48
Canaan,,,21,2,5,28
Castleton,,,38,4,7,49
Cavendish,,,36,2,16,54
Charleston,,,23,2,2,27
Charlotte,,,23,2,12,37
Chelsea,,,30,1,8,39
Chester,,,39,3,8,50
Chittenden,,,13,0,4,17
Clarendon,,,29,1,1,31
Colchester,-,"Chittenden 9-1",44,8,10,62
Colchester,-,"Chittenden 9-2",68,7,14,89
Concord,,,99,16,71,186
Corinth,,,19,2,5,26
Cornwall,,,11,0,2,13
Coventry,,,15,11,4,30
Craftsbury,,,20,3,4,27
Danby,,,85,5,20,110
Danville,,,26,3,5,34
Derby,,,38,9,18,65
Dorset,,,27,0,1,28
Dover,,,480,0,9,489
Dummerston,,,21,0,2,23
Duxbury,,,16,0,3,19
"E. Haven",,,6,0,1,7
"E. Montpelier",,,33,3,10,46
Eden,,,5,3,4,12
Elmore,,,7,2,4,13
Enosburgh,,,42,12,25,79
Essex,-,"Chittenden 8-1",57,5,16,78
Essex,-,"Chittenden 8-2",56,8,13,77
Essex,-,"Chittenden 8-3",20,1,5,26
"Fair Haven",,,40,2,11,53
Fairfax,,,80,4,28,112
Fairfield,,,17,3,13,33
Fairlee,,,14,2,6,22
Fayston,,,7,0,5,12
Ferrisburgh,,,27,3,2,32
Fletcher,,,12,0,4,16
Franklin,,,40,14,20,74
Georgia,,,106,4,38,148
Glover,,,17,5,5,27
Goshen,,,11,0,0,11
Grafton,,,19,1,7,27
Granby,,,15,0,4,19
"Grand Isle",,,22,14,2,38
Granville,,,2,0,0,2
Greensboro,,,13,0,0,13
Groton,,,22,2,2,26
Guildhall,,,22,6,20,48
Guilford,,,15,1,3,19
Halifax,,,15,0,2,17
Hancock,,,2,0,0,2
Hardwick,,,15,0,4,19
Hartford,-,"Windsor 4-1",13,0,1,14
Hartford,-,"Windsor 4-2",47,6,11,64
Hartland,,,37,5,8,50
Highgate,,,88,12,37,137
Hinesburg,-,"Chittenden 4-1",0,0,0,0
Hinesburg,-,"Chittenden 4-2",23,3,5,31
Holland,,,7,4,0,11
Hubbardton,,,12,1,3,16
Huntington,,,16,1,3,20
"Hyde Park",,,23,5,9,37
Ira,,,11,1,0,12
Irasburg,,,13,6,7,26
"Isle La Motte",,,5,0,4,9
Jamaica,,,7,1,2,10
Jay,,,10,0,0,10
Jericho,,,69,5,17,91
Johnson,,,18,0,17,35
Killington,,,10,0,6,16
Kirby,,,27,2,11,40
Landgrove,,,1,0,1,2
Leicester,,,14,1,1,16
Lemington,,,2,0,3,5
Lincoln,,,19,1,4,24
Londonderry,,,14,1,0,15
Lowell,,,17,1,9,27
Ludlow,,,25,1,7,33
Lunenburg,,,120,16,44,180
Lyndon,,,73,14,10,97
Maidstone,,,11,5,4,20
Manchester,,,48,0,6,54
Marlboro,,,9,0,1,10
Marshfield,,,13,2,2,17
Mendon,,,17,2,4,23
Middlebury,,,36,3,10,49
Middlesex,,,18,1,9,28
"Middletown Springs",,,16,0,5,21
Milton,-,"Chittenden 10",131,12,294,437
Milton,-,"Grand Isle-Chittenden",24,0,4,28
Monkton,,,15,0,1,16
Montgomery,,,14,2,2,18
Montpelier,,,48,10,19,77
Moretown,,,25,0,5,30
Morgan,,,20,0,3,23
Morristown,,,47,13,13,73
"Mount Holly",,,26,2,7,35
"Mount Tabor",,,1,0,0,1
"New Haven",,,32,1,3,36
Newark,,,7,0,9,16
Newbury,,,40,1,9,50
Newfane,,,15,0,4,19
"Newport City",,,48,15,18,81
"Newport Town",,,6,5,6,17
"N. Hero",,,18,0,5,23
Northfield,,,39,3,17,59
Norton,,,9,3,0,12
Norwich,,,29,0,8,37
Orange,,,23,2,3,28
Orwell,,,31,3,3,37
Panton,,,12,2,0,14
Pawlet,,,19,1,3,23
Peacham,,,14,1,2,17
Peru,,,12,1,3,16
Pittsfield,,,3,0,2,5
Pittsford,,,40,3,13,56
Plainfield,,,8,2,0,10
Plymouth,,,14,6,0,20
Pomfret,,,10,3,2,15
Poultney,,,36,2,2,40
Pownal,,,23,0,2,25
Proctor,,,11,1,1,13
Putney,,,16,2,0,18
Randolph,,,51,3,2,56
Reading,,,9,0,1,10
Readsboro,,,14,0,3,17
Richford,,,25,0,13,38
Richmond,,,50,1,8,59
Ripton,,,7,0,2,9
Rochester,,,15,1,3,19
Rockingham,,,46,3,3,52
Roxbury,,,7,2,1,10
Royalton,,,27,0,14,41
Rupert,,,10,0,3,13
"Rutland City",-,"Rutland 5-1",37,1,18,56
"Rutland City",-,"Rutland 5-2",37,6,18,61
"Rutland City",-,"Rutland 5-3",11,2,13,26
"Rutland City",-,"Rutland 5-4",35,1,15,51
"Rutland Town",,,96,6,40,142
Ryegate,,,14,3,0,17
Salisbury,,,8,0,3,11
Sandgate,,,3,1,2,6
Searsburg,,,1,0,2,3
Shaftsbury,,,27,1,5,33
Sharon,,,19,2,6,27
Sheffield,,,6,2,4,12
Shelburne,-,"Chittenden 5-1",76,6,14,96
Shelburne,-,"Chittenden 5-2",52,6,12,70
Sheldon,,,29,10,7,46
Shoreham,,,13,2,0,15
Shrewsbury,,,20,2,6,28
"S. Burlington",-,"Chittenden 7-1",35,4,11,50
"S. Burlington",-,"Chittenden 7-2",59,15,9,83
"S. Burlington",-,"Chittenden 7-3",41,3,8,52
"S. Burlington",-,"Chittenden 7-4",61,6,12,79
"S. Hero",,,32,1,5,38
Springfield,-,"Windsor 3-1",1,1,0,2
Springfield,-,"Windsor 3-2",69,4,11,84
"St. Albans City",,,198,47,64,309
"St. Albans Town",-,"Franklin 3-1",88,10,25,123
"St. Albans Town",-,"Franklin 3-2",141,31,38,210
"St. George",,,3,3,2,8
"St. Johnsbury",,,59,9,15,83
Stamford,,,10,1,0,11
Stannard,,,2,0,0,2
Starksboro,,,25,5,2,32
Stockbridge,,,12,0,2,14
Stowe,,,32,2,4,38
Strafford,,,12,3,1,16
Stratton,,,4,0,0,4
Sudbury,,,13,1,5,19
Sunderland,-,"Bennington 3",0,0,0,0
Sunderland,-,"Bennington 4",5,0,2,7
Sutton,,,15,2,2,19
Swanton,,,176,19,46,241
Thetford,,,12,1,2,15
Tinmouth,-,"Rutland 2",2,0,0,2
Tinmouth,-,Rutland-Bennington,8,0,0,8
Topsham,,,19,2,7,28
Townshend,,,14,1,6,21
Troy,-,"Orleans 2",5,0,2,7
Troy,-,Orleans-Lamoille,7,2,1,10
Tunbridge,,,16,7,4,27
Underhill,,,40,1,5,46
Vergennes,,,17,4,7,28
Vernon,,,48,2,11,61
Vershire,,,7,1,2,10
Victory,,,4,3,3,10
Waitsfield,,,21,2,4,27
Walden,,,15,1,3,19
Wallingford,,,30,2,5,37
Waltham,,,1,1,0,2
Wardsboro,,,9,0,2,11
Warren,,,9,1,6,16
Washington,,,18,2,8,28
Waterbury,,,30,10,9,49
Waterford,,,16,1,2,19
Waterville,,,7,0,3,10
Weathersfield,,,39,2,2,43
Wells,,,11,0,2,13
"W. Fairlee",,,5,0,1,6
"W. Haven",,,7,0,0,7
"W. Rutland",,,27,1,4,32
"W. Windsor",,,15,3,3,21
Westfield,,,7,3,5,15
Westford,,,17,1,1,19
Westminster,-,"Windham 3",0,0,1,1
Westminster,-,"Windham 4",26,1,4,31
Westmore,,,4,0,5,9
Weston,,,13,0,5,18
Weybridge,,,8,0,3,11
Wheelock,,,6,3,6,15
Whiting,,,15,0,1,16
Whitingham,-,"Windham 6",18,0,1,19
Whitingham,-,Windham-Bennington,2,0,0,2
Williamstown,,,43,17,7,67
Williston,,,89,8,18,115
Wilmington,,,22,0,7,29
Windham,,,5,0,1,6
Windsor,,,40,2,1,43
Winhall,,,11,2,4,17
Winooski,,,29,1,13,43
Wolcott,,,12,4,5,21
Woodbury,,,23,1,3,27
Woodford,,,0,0,1,1
Woodstock,,,50,6,15,71
Worcester,,,6,0,4,10
TOTALS,,,"7,979",839,"2,173","10,991"
