City/Town,Ward,Pct,"Peter Shumlin","H. Brooke Paige",Write-Ins,Blanks,"Total Votes Cast"
,,,,
Addison,,,26,5,3,3,37
Albany,,,12,4,1,3,20
Alburgh,,,107,40,20,14,181
Andover,,,15,1,1,1,18
Arlington,,,29,7,5,2,43
Athens,,,10,1,2,3,16
Bakersfield,,,19,5,4,4,32
Baltimore,,,3,0,0,0,3
Barnard,,,20,3,0,3,26
Barnet,,,34,8,0,3,45
"Barre City",,,108,21,21,12,162
"Barre Town",,,39,22,8,6,75
Barton,,,14,6,8,1,29
Belvidere,,,7,1,0,1,9
Bennington,-,"Bennington 2-1",667,150,8,158,983
Bennington,-,"Bennington 2-2",322,71,13,46,452
Benson,,,9,7,1,1,18
Berkshire,,,13,11,3,2,29
Berlin,,,29,17,6,13,65
Bethel,,,25,1,4,3,33
Bloomfield,,,6,1,0,0,7
Bolton,,,12,6,3,1,22
Bradford,,,24,1,3,1,29
Braintree,,,9,2,0,0,11
Brandon,,,268,88,18,25,399
Brattleboro,-,"Windham 2-1",229,27,9,26,291
Brattleboro,-,"Windham 2-2",281,28,9,26,344
Brattleboro,-,"Windham 2-3",335,35,5,27,402
Bridgewater,,,10,1,5,1,17
Bridport,,,9,3,2,1,15
Brighton,,,22,6,6,6,40
Bristol,,,27,14,8,3,52
Brookfield,,,19,7,2,4,32
Brookline,,,48,9,0,6,63
Brownington,,,32,14,2,3,51
Brunswick,,,7,0,1,2,10
Burke,,,4,3,2,1,10
Burlington,-,"Chittenden 6-1",347,91,28,49,515
Burlington,-,"Chittenden 6-2",257,37,21,29,344
Burlington,-,"Chittenden 6-3",118,16,9,17,160
Burlington,-,"Chittenden 6-4",133,12,6,22,173
Burlington,-,"Chittenden 6-5",316,52,49,43,460
Burlington,-,"Chittenden 6-6",34,4,9,3,50
Burlington,-,"Chittenden 6-7",3,1,1,1,6
Cabot,,,15,9,6,3,33
Calais,,,36,0,15,2,53
Cambridge,,,42,9,19,4,74
Canaan,,,3,3,0,1,7
Castleton,,,30,17,0,3,50
Cavendish,,,71,13,4,7,95
Charleston,,,10,7,4,1,22
Charlotte,,,131,31,20,38,220
Chelsea,,,21,4,3,2,30
Chester,,,59,5,4,4,72
Chittenden,,,20,6,1,1,28
Clarendon,,,20,4,4,2,30
Colchester,-,"Chittenden 9-1",66,13,9,0,88
Colchester,-,"Chittenden 9-2",110,31,4,13,158
Concord,,,17,5,2,0,24
Corinth,,,33,3,3,3,42
Cornwall,,,38,10,1,6,55
Coventry,,,9,9,1,1,20
Craftsbury,,,16,15,20,8,59
Danby,,,35,12,5,3,55
Danville,,,60,10,1,4,75
Derby,,,109,41,23,15,188
Dorset,,,91,15,6,14,126
Dover,,,30,15,1,1,47
Dummerston,,,203,18,0,8,229
Duxbury,,,13,6,3,1,23
"E. Haven",,,8,3,1,0,12
"E. Montpelier",,,46,8,8,5,67
Eden,,,7,2,2,2,13
Elmore,,,17,8,4,5,34
Enosburgh,,,49,9,9,8,75
Essex,-,"Chittenden 8-1",76,13,10,8,107
Essex,-,"Chittenden 8-2",86,15,10,10,121
Essex,-,"Chittenden 8-3",23,6,4,1,34
"Fair Haven",,,24,9,5,2,40
Fairfax,,,51,14,6,6,77
Fairfield,,,29,9,5,7,50
Fairlee,,,20,0,0,2,22
Fayston,,,18,2,3,2,25
Ferrisburgh,,,24,11,4,5,44
Fletcher,,,14,3,1,1,19
Franklin,,,22,16,10,7,55
Georgia,,,20,4,3,2,29
Glover,,,25,14,10,4,53
Goshen,,,11,1,0,0,12
Grafton,,,28,22,2,12,64
Granby,,,3,0,0,0,3
"Grand Isle",,,142,49,34,21,246
Granville,,,10,2,0,1,13
Greensboro,,,26,21,6,9,62
Groton,,,15,1,1,0,17
Guildhall,,,5,3,0,0,8
Guilford,,,128,13,3,12,156
Halifax,,,24,2,1,1,28
Hancock,,,10,1,1,0,12
Hardwick,,,28,11,10,3,52
Hartford,-,"Windsor 4-1",23,0,1,2,26
Hartford,-,"Windsor 4-2",97,4,8,7,116
Hartland,,,67,4,1,2,74
Highgate,,,27,11,5,6,49
Hinesburg,-,"Chittenden 4-1",2,0,0,0,2
Hinesburg,-,"Chittenden 4-2",85,9,10,9,113
Holland,,,5,3,0,0,8
Hubbardton,,,4,0,0,0,4
Huntington,,,47,16,13,9,85
"Hyde Park",,,45,18,10,10,83
Ira,,,8,4,0,0,12
Irasburg,,,7,3,2,1,13
"Isle La Motte",,,31,20,8,5,64
Jamaica,,,37,8,6,8,59
Jay,,,3,1,2,0,6
Jericho,,,86,18,15,12,131
Johnson,,,36,8,8,2,54
Killington,,,12,2,0,1,15
Kirby,,,0,0,0,1,1
Landgrove,,,8,4,0,1,13
Leicester,,,12,3,0,0,15
Lemington,,,2,0,0,0,2
Lincoln,,,35,4,2,7,48
Londonderry,,,25,3,6,3,37
Lowell,,,9,5,8,2,24
Ludlow,,,17,4,0,0,21
Lunenburg,,,10,3,1,0,14
Lyndon,,,30,9,3,2,44
Maidstone,,,3,0,1,0,4
Manchester,,,63,12,3,6,84
Marlboro,,,127,10,2,11,150
Marshfield,,,19,10,11,2,42
Mendon,,,15,3,0,1,19
Middlebury,,,527,60,15,72,674
Middlesex,,,36,5,11,6,58
"Middletown Springs",,,30,2,1,2,35
Milton,-,"Chittenden 10",65,24,3,13,105
Milton,-,"Grand Isle-Chittenden",16,1,4,0,21
Monkton,,,24,12,8,4,48
Montgomery,,,37,11,1,2,51
Montpelier,,,242,44,62,43,391
Moretown,,,20,2,0,8,30
Morgan,,,11,1,1,0,13
Morristown,,,84,20,17,16,137
"Mount Holly",,,26,3,1,1,31
"Mount Tabor",,,6,0,1,0,7
"New Haven",,,24,9,4,1,38
Newark,,,5,2,1,1,9
Newbury,,,34,6,0,1,41
Newfane,,,133,15,1,0,149
"Newport City",,,53,12,4,7,76
"Newport Town",,,10,9,5,0,24
"N. Hero",,,64,35,14,16,129
Northfield,,,33,12,2,6,53
Norton,,,5,1,1,1,8
Norwich,,,694,64,3,53,814
Orange,,,9,2,2,1,14
Orwell,,,16,6,6,1,29
Panton,,,13,3,1,0,17
Pawlet,,,34,4,1,0,39
Peacham,,,38,6,1,6,51
Peru,,,20,3,0,2,25
Pittsfield,,,14,0,1,1,16
Pittsford,,,22,6,6,5,39
Plainfield,,,28,4,6,3,41
Plymouth,,,2,3,0,3,8
Pomfret,,,35,3,0,2,40
Poultney,,,33,7,1,2,43
Pownal,,,103,16,0,11,130
Proctor,,,23,4,1,1,29
Putney,,,222,9,4,13,248
Randolph,,,63,10,3,5,81
Reading,,,21,4,0,2,27
Readsboro,,,15,3,0,0,18
Richford,,,14,6,1,6,27
Richmond,,,100,20,25,10,155
Ripton,,,49,6,1,2,58
Rochester,,,36,2,3,0,41
Rockingham,,,279,65,10,41,395
Roxbury,,,12,4,0,1,17
Royalton,,,20,2,1,2,25
Rupert,,,25,6,0,1,32
"Rutland City",-,"Rutland 5-1",50,15,7,16,88
"Rutland City",-,"Rutland 5-2",34,10,7,11,62
"Rutland City",-,"Rutland 5-3",25,4,3,7,39
"Rutland City",-,"Rutland 5-4",38,5,2,6,51
"Rutland Town",,,54,12,3,9,78
Ryegate,,,17,1,1,4,23
Salisbury,,,14,6,1,2,23
Sandgate,,,16,4,1,0,21
Searsburg,,,2,0,0,0,2
Shaftsbury,,,63,6,1,4,74
Sharon,,,100,12,1,7,120
Sheffield,,,4,0,7,1,12
Shelburne,-,"Chittenden 5-1",196,29,17,13,255
Shelburne,-,"Chittenden 5-2",71,12,7,12,102
Sheldon,,,5,5,8,2,20
Shoreham,,,44,24,5,9,82
Shrewsbury,,,45,2,2,2,51
"S. Burlington",-,"Chittenden 7-1",120,14,14,20,168
"S. Burlington",-,"Chittenden 7-2",89,18,13,9,129
"S. Burlington",-,"Chittenden 7-3",93,17,12,6,128
"S. Burlington",-,"Chittenden 7-4",98,31,8,25,162
"S. Hero",,,152,54,17,26,249
Springfield,-,"Windsor 3-1",0,2,0,0,2
Springfield,-,"Windsor 3-2",83,15,7,14,119
"St. Albans City",,,103,29,29,10,171
"St. Albans Town",-,"Franklin 3-1",23,13,2,2,40
"St. Albans Town",-,"Franklin 3-2",55,30,15,10,110
"St. George",,,4,0,2,0,6
"St. Johnsbury",,,71,18,5,6,100
Stamford,,,17,1,0,0,18
Stannard,,,19,2,1,5,27
Starksboro,,,29,4,2,3,38
Stockbridge,,,6,2,0,0,8
Stowe,,,51,19,5,12,87
Strafford,,,177,22,8,13,220
Stratton,,,3,2,0,2,7
Sudbury,,,6,1,0,1,8
Sunderland,-,"Bennington 3",6,1,0,0,7
Sunderland,-,"Bennington 4",4,1,0,1,6
Sutton,,,3,2,2,0,7
Swanton,,,42,18,10,6,76
Thetford,,,500,57,7,38,602
Tinmouth,-,"Rutland 2",2,1,1,0,4
Tinmouth,-,Rutland-Bennington,12,2,0,2,16
Topsham,,,3,3,0,0,6
Townshend,,,78,21,3,23,125
Troy,-,"Orleans 2",2,0,0,0,2
Troy,-,Orleans-Lamoille,10,3,3,1,17
Tunbridge,,,22,8,3,1,34
Underhill,,,59,20,4,9,92
Vergennes,,,30,6,1,2,39
Vernon,,,28,30,3,8,69
Vershire,,,24,2,0,1,27
Victory,,,0,1,0,0,1
Waitsfield,,,88,12,4,6,110
Walden,,,12,3,4,3,22
Wallingford,,,31,10,3,3,47
Waltham,,,6,0,2,0,8
Wardsboro,,,23,5,3,2,33
Warren,,,31,9,0,1,41
Washington,,,12,7,1,0,20
Waterbury,,,58,6,4,8,76
Waterford,,,11,3,0,0,14
Waterville,,,10,5,1,3,19
Weathersfield,,,250,65,9,19,343
Wells,,,19,5,0,0,24
"W. Fairlee",,,9,3,1,1,14
"W. Haven",,,15,0,0,2,17
"W. Rutland",,,11,8,0,1,20
"W. Windsor",,,21,2,2,1,26
Westfield,,,5,7,7,1,20
Westford,,,37,4,7,6,54
Westminster,-,"Windham 3",4,3,0,1,8
Westminster,-,"Windham 4",257,32,5,19,313
Westmore,,,3,3,0,0,6
Weston,,,19,2,0,2,23
Weybridge,,,33,4,2,0,39
Wheelock,,,9,2,1,1,13
Whiting,,,9,5,2,0,16
Whitingham,-,"Windham 6",23,11,2,4,40
Whitingham,-,Windham-Bennington,1,0,0,0,1
Williamstown,,,26,11,11,0,48
Williston,,,113,17,19,17,166
Wilmington,,,27,7,2,1,37
Windham,,,29,16,1,14,60
Windsor,,,42,6,0,2,50
Winhall,,,3,2,1,3,9
Winooski,,,284,99,25,63,471
Wolcott,,,35,7,12,5,59
Woodbury,,,17,5,2,0,24
Woodford,,,8,4,2,1,15
Woodstock,,,76,11,2,4,93
Worcester,,,34,6,4,4,48
TOTALS,,,"15,260","3,199","1,369","1,900","21,728"
