City/Town,Ward,Pct,"Jason Gibbs","Chris Roy",Write-Ins,Blanks,"Total Votes Cast"
,,,,
Addison,,,64,37,0,12,113
Albany,,,43,43,0,16,102
Alburgh,,,41,36,1,11,89
Andover,,,18,13,0,1,32
Arlington,,,46,41,0,6,93
Athens,,,8,2,0,2,12
Bakersfield,,,26,21,1,5,53
Baltimore,,,8,8,0,1,17
Barnard,,,24,19,0,4,47
Barnet,,,73,45,1,13,132
"Barre City",-,"Washington 3-1",121,98,2,23,244
"Barre City",-,"Washington 3-2",101,71,1,19,192
"Barre City",-,"Washington 3-3",12,10,0,2,24
"Barre Town",,,363,364,0,62,789
Barton,,,77,83,2,19,181
Belvidere,,,9,7,0,6,22
Bennington,-,"Bennington 2-1",63,58,0,28,149
Bennington,-,"Bennington 2-2",88,71,1,32,192
Benson,,,28,19,0,7,54
Berkshire,,,32,18,6,11,67
Berlin,,,93,48,1,28,170
Bethel,,,49,29,0,14,92
Bloomfield,,,10,5,0,2,17
Bolton,,,39,16,0,9,64
Bradford,,,89,52,0,32,173
Braintree,,,59,27,0,14,100
Brandon,,,146,46,2,22,216
Brattleboro,-,"Windham 3-1",56,51,2,22,131
Brattleboro,-,"Windham 3-2",27,28,0,14,69
Brattleboro,-,"Windham 3-3",26,21,0,13,60
Bridgewater,,,17,22,1,5,45
Bridport,,,65,45,1,0,111
Brighton,,,48,44,0,16,108
Bristol,,,104,97,7,21,229
Brookfield,,,45,22,1,9,77
Brookline,,,11,11,0,4,26
Brownington,,,24,9,0,7,40
Brunswick,,,6,4,1,2,13
Burke,,,43,34,0,3,80
Burlington,-,"Chittenden 3-1",91,161,0,50,302
Burlington,-,"Chittenden 3-2",45,85,0,20,150
Burlington,-,"Chittenden 3-3",37,44,0,7,88
Burlington,-,"Chittenden 3-4",25,23,1,7,56
Burlington,-,"Chittenden 3-5",65,111,0,16,192
Burlington,-,"Chittenden 3-6",7,8,0,4,19
Cabot,,,35,17,1,4,57
Calais,,,83,20,0,15,118
Cambridge,,,78,65,5,15,163
Canaan,,,10,10,2,51,73
Castleton,,,122,51,0,21,194
Cavendish,,,41,31,0,5,77
Charleston,,,24,22,0,6,52
Charlotte,,,47,107,1,34,189
Chelsea,,,45,24,0,22,91
Chester,,,56,55,0,22,133
Chittenden,,,90,44,0,25,159
Clarendon,,,101,48,3,13,165
Colchester,-,"Chittenden 7-1",94,145,0,41,280
Colchester,-,"Chittenden 7-2",116,200,2,53,371
Concord,,,33,28,2,10,73
Corinth,,,39,25,0,13,77
Cornwall,,,34,21,0,10,65
Coventry,,,25,17,0,6,48
Craftsbury,,,25,29,3,16,73
Danby,,,39,33,0,8,80
Danville,,,122,34,0,26,182
Derby,,,116,116,1,40,273
Dorset,,,64,32,0,8,104
Dover,,,23,26,2,3,54
Dummerston,,,29,26,0,12,67
Duxbury,,,65,8,0,4,77
"E. Haven",,,28,21,0,15,64
"E. Montpelier",,,96,64,0,21,181
Eden,,,21,14,3,7,45
Elmore,,,26,7,0,12,45
Enosburgh,,,44,38,4,29,115
Essex,-,"Chittenden 6-1",159,182,2,40,383
Essex,-,"Chittenden 6-2",173,202,1,56,432
Essex,-,"Chittenden 6-3",52,52,0,13,117
"Fair Haven",,,77,55,2,21,155
Fairfax,,,81,61,2,20,164
Fairfield,,,51,34,6,32,123
Fairlee,,,15,13,0,7,35
Fayston,,,42,11,0,6,59
Ferrisburgh,,,84,36,0,16,136
Fletcher,,,32,14,0,10,56
Franklin,,,43,28,3,23,97
Georgia,,,90,85,1,19,195
Glover,,,48,33,1,26,108
Goshen,,,20,6,0,1,27
Grafton,,,24,13,0,2,39
Granby,,,8,7,0,6,21
"Grand Isle",,,50,71,1,12,134
Granville,,,9,1,0,1,11
Greensboro,,,17,21,1,10,49
Groton,,,54,21,1,8,84
Guildhall,,,21,10,2,16,49
Guilford,,,25,14,0,8,47
Halifax,,,7,14,0,6,27
Hancock,,,12,5,0,0,17
Hardwick,,,41,49,0,15,105
Hartford,-,"Windsor 6-1",34,33,0,10,77
Hartford,-,"Windsor 6-2",82,79,1,31,193
Hartland,,,49,70,0,29,148
Highgate,,,78,43,1,22,144
Hinesburg,-,"Chittenden 1-1",56,80,0,22,158
Hinesburg,-,"Chittenden 1-2",3,3,0,0,6
Holland,,,15,15,0,4,34
Hubbardton,,,19,5,0,3,27
Huntington,,,31,25,0,15,71
"Hyde Park",,,86,47,1,33,167
Ira,-,"Rutland 1-1",2,3,0,1,6
Ira,-,"Rutland 1-2",23,7,0,8,38
Irasburg,,,39,17,2,8,66
"Isle La Motte",,,10,10,0,9,29
Jamaica,,,32,15,0,12,59
Jay,,,8,5,0,5,18
Jericho,,,136,129,1,18,284
Johnson,,,49,32,0,9,90
Killington,,,41,44,0,16,101
Kirby,,,20,13,0,0,33
Landgrove,,,6,4,0,0,10
Leicester,,,36,15,0,2,53
Lemington,,,3,4,1,2,10
Lincoln,,,38,22,0,11,71
Londonderry,,,56,35,1,15,107
Lowell,,,20,8,0,10,38
Ludlow,,,38,30,0,16,84
Lunenburg,,,72,69,2,40,183
Lyndon,,,141,85,0,28,254
Maidstone,,,16,10,2,9,37
Manchester,,,94,78,0,26,198
Marlboro,,,10,10,0,2,22
Marshfield,,,58,22,0,6,86
Mendon,,,54,42,0,28,124
Middlebury,,,96,67,0,21,184
Middlesex,,,74,19,1,10,104
"Middletown Springs",,,30,9,0,3,42
Milton,-,"Chittenden 9",196,219,0,61,476
Milton,-,"Grand Isle-Chittenden 1-1",34,37,0,8,79
Monkton,,,34,20,1,5,60
Montgomery,,,19,11,0,7,37
Montpelier,,,223,107,1,51,382
Moretown,,,90,24,2,13,129
Morgan,,,33,25,0,9,67
Morristown,,,179,64,2,40,285
"Mount Holly",,,55,28,0,13,96
"Mount Tabor",,,3,5,0,2,10
"New Haven",,,61,33,2,13,109
Newark,,,19,13,0,5,37
Newbury,,,73,45,0,15,133
Newfane,,,27,10,0,6,43
"Newport City",,,92,84,1,21,198
"Newport Town",,,28,36,0,5,69
"N. Hero",,,30,31,0,6,67
Northfield,,,177,60,1,48,286
Norton,,,7,10,0,0,17
Norwich,,,27,21,0,13,61
Orange,,,53,28,0,12,93
Orwell,,,78,52,0,32,162
Panton,,,20,21,0,5,46
Pawlet,,,26,28,0,10,64
Peacham,,,20,20,0,7,47
Peru,,,11,8,0,3,22
Pittsfield,,,28,10,1,6,45
Pittsford,,,113,76,0,37,226
Plainfield,,,42,12,0,12,66
Plymouth,,,25,15,1,4,45
Pomfret,,,18,22,0,4,44
Poultney,,,101,25,0,13,139
Pownal,,,42,34,0,14,90
Proctor,,,72,59,1,18,150
Putney,,,24,13,0,8,45
Randolph,,,166,108,1,47,322
Reading,,,17,8,0,4,29
Readsboro,,,13,14,0,3,30
Richford,,,33,29,1,5,68
Richmond,,,94,68,0,13,175
Ripton,,,8,3,0,2,13
Rochester,,,47,21,2,6,76
Rockingham,,,75,67,3,56,201
Roxbury,,,15,9,0,7,31
Royalton,,,44,34,0,23,101
Rupert,-,"Bennington 5",1,3,0,3,7
Rupert,-,"Rutland 8",6,11,0,1,18
"Rutland City",-,"Rutland 5-1",163,116,0,68,347
"Rutland City",-,"Rutland 5-2",112,85,0,43,240
"Rutland City",-,"Rutland 5-3",68,42,1,20,131
"Rutland City",-,"Rutland 5-4",100,68,3,37,208
"Rutland Town",,,186,139,2,67,394
Ryegate,,,43,12,1,7,63
Salisbury,,,28,9,0,8,45
Sandgate,,,18,6,0,1,25
Searsburg,,,5,4,1,0,10
Shaftsbury,,,63,40,3,27,133
Sharon,,,16,19,1,9,45
Sheffield,,,15,14,0,6,35
Shelburne,-,"Chittenden 5-1",98,135,0,39,272
Shelburne,-,"Chittenden 5-2",81,83,0,24,188
Sheldon,,,45,42,7,14,108
Shoreham,,,47,30,0,8,85
Shrewsbury,,,39,24,1,12,76
"S. Burlington",-,"Chittenden 3-10",65,88,1,21,175
"S. Burlington",-,"Chittenden 3-7",61,81,0,17,159
"S. Burlington",-,"Chittenden 3-8",97,122,5,20,244
"S. Burlington",-,"Chittenden 3-9",91,95,3,25,214
"S. Hero",,,38,57,3,21,119
Springfield,-,"Windsor 1-1",2,3,0,2,7
Springfield,-,"Windsor 1-2",230,112,1,50,393
"St. Albans City",,,171,94,1,38,304
"St. Albans Town",,,239,205,7,69,520
"St. George",,,7,11,0,4,22
"St. Johnsbury",,,240,169,1,47,457
Stamford,,,12,17,0,2,31
Stannard,,,6,7,0,0,13
Starksboro,,,53,36,0,16,105
Stockbridge,,,23,7,1,7,38
Stowe,,,144,59,1,22,226
Strafford,,,19,16,0,4,39
Stratton,,,8,5,0,4,17
Sudbury,,,20,11,0,6,37
Sunderland,,,15,15,0,6,36
Sutton,,,25,19,0,7,51
Swanton,,,203,144,7,30,384
Thetford,,,30,21,0,13,64
Tinmouth,,,16,14,0,5,35
Topsham,,,42,23,0,14,79
Townshend,,,28,12,1,6,47
Troy,,,26,19,0,6,51
Tunbridge,,,41,27,3,14,85
Underhill,,,57,72,0,16,145
Vergennes,,,74,52,0,11,137
Vernon,,,82,62,6,34,184
Vershire,,,12,6,0,4,22
Victory,,,8,2,1,0,11
Waitsfield,,,63,24,0,7,94
Walden,,,27,21,1,10,59
Wallingford,,,80,34,0,25,139
Waltham,,,8,6,1,3,18
Wardsboro,,,12,11,0,4,27
Warren,,,46,10,0,7,63
Washington,,,15,16,0,10,41
Waterbury,,,194,36,0,30,260
Waterford,,,53,30,0,9,92
Waterville,,,21,18,0,8,47
Weathersfield,,,57,47,0,13,117
Wells,,,24,19,0,4,47
"W. Fairlee",,,17,6,0,5,28
"W. Haven",,,7,7,1,2,17
"W. Rutland",,,82,41,1,21,145
"W. Windsor",,,19,22,0,12,53
Westfield,,,19,10,3,1,33
Westford,,,80,79,0,37,196
Westminster,-,"Windham 4",3,2,0,0,5
Westminster,-,"Windham 5",20,30,0,14,64
Westmore,,,8,8,0,2,18
Weston,,,19,16,0,5,40
Weybridge,,,28,15,0,4,47
Wheelock,,,33,18,0,5,56
Whiting,,,15,6,1,3,25
Whitingham,,,23,11,0,5,39
Williamstown,,,99,40,1,18,158
Williston,,,115,334,0,12,461
Wilmington,,,35,25,0,4,64
Windham,,,5,5,0,2,12
Windsor,,,42,37,0,10,89
Winhall,,,25,17,1,5,48
Winooski,,,63,68,1,30,162
Wolcott,,,40,21,1,11,73
Woodbury,,,53,19,1,3,76
Woodford,,,6,3,1,2,12
Woodstock,,,69,90,1,24,184
Worcester,,,31,12,0,9,52
TOTALS,,,"14,600","11,173",194,"4,049","30,016"
