City/Town,Ward,Pct,"Karen Kerin",Write-Ins,Blanks,"Total Votes Cast"
,,,
Addison,,,30,5,0,35
Albany,,,25,3,0,28
Alburgh,,,11,0,0,11
Andover,,,9,1,0,10
Arlington,,,38,1,0,39
Athens,,,4,0,0,4
Bakersfield,,,26,5,0,31
Baltimore,,,6,2,0,8
Barnard,,,12,1,0,13
Barnet,,,43,5,0,48
"Barre City",-,"Washington 3-1",45,2,0,47
"Barre City",-,"Washington 3-2",19,3,0,22
"Barre City",-,"Washington 3-3",7,0,0,7
"Barre Town",,,138,16,0,154
Barton,,,44,12,0,56
Belvidere,,,7,0,0,7
Bennington,-,"Bennington 2-1",25,2,0,27
Bennington,-,"Bennington 2-2",22,1,0,23
Bennington,-,"Bennington 5",8,0,0,8
Benson,,,12,2,0,14
Berkshire,,,19,4,0,23
Berlin,,,13,3,0,16
Bethel,,,19,6,0,25
Bloomfield,,,9,2,0,11
Bolton,,,13,1,0,14
Bradford,,,39,8,0,47
Braintree,,,29,2,0,31
Brandon,,,73,3,0,76
Brattleboro,-,"Windham 3-1",20,3,0,23
Brattleboro,-,"Windham 3-2",12,3,0,15
Brattleboro,-,"Windham 3-3",13,0,0,13
Bridgewater,,,12,4,0,16
Bridport,,,33,3,0,36
Brighton,,,27,2,0,29
Bristol,,,37,1,0,38
Brookfield,,,23,1,0,24
Brookline,,,10,0,0,10
Brownington,,,8,3,0,11
Brunswick,,,4,4,0,8
Burke,,,32,1,0,33
Burlington,-,"Chittenden 3-1",107,3,0,110
Burlington,-,"Chittenden 3-2",34,4,0,38
Burlington,-,"Chittenden 3-3",27,0,0,27
Burlington,-,"Chittenden 3-4",10,0,0,10
Burlington,-,"Chittenden 3-5",39,8,0,47
Burlington,-,"Chittenden 3-6",4,0,0,4
Cabot,,,10,0,0,10
Calais,,,12,2,0,14
Cambridge,,,22,3,0,25
Canaan,,,32,2,0,34
Castleton,,,19,0,0,19
Cavendish,,,10,5,0,15
Charleston,,,12,0,0,12
Charlotte,,,10,2,0,12
Chelsea,,,14,3,0,17
Chester,,,51,4,0,55
Chittenden,,,14,0,0,14
Clarendon,,,44,1,0,45
Colchester,-,"Chittenden 7-1",14,0,0,14
Colchester,-,"Chittenden 7-2",34,3,0,37
Concord,,,72,2,0,74
Corinth,,,24,0,0,24
Cornwall,,,14,0,0,14
Coventry,,,38,5,0,43
Craftsbury,,,14,6,0,20
Danby,,,58,5,0,63
Danville,,,61,7,0,68
Derby,,,42,16,0,58
Dorset,,,47,0,0,47
Dover,,,23,0,0,23
Dummerston,,,28,1,0,29
Duxbury,,,16,1,0,17
"E. Haven",,,11,0,0,11
"E. Montpelier",,,30,2,0,32
Eden,,,3,3,0,6
Elmore,,,7,2,0,9
Enosburgh,,,74,28,0,102
Essex,-,"Chittenden 6-1",31,1,0,32
Essex,-,"Chittenden 6-2",47,3,0,50
Essex,-,"Chittenden 6-3",6,0,0,6
"Fair Haven",,,24,2,0,26
Fairfax,,,43,1,0,44
Fairfield,,,10,6,0,16
Fairlee,,,28,2,0,30
Fayston,,,7,0,0,7
Ferrisburgh,,,21,0,0,21
Fletcher,,,3,0,0,3
Franklin,,,22,1,0,23
Georgia,,,46,6,0,52
Glover,,,25,10,0,35
Goshen,,,2,0,0,2
Grafton,,,10,0,0,10
Granby,,,11,0,0,11
"Grand Isle",,,25,7,0,32
Granville,,,3,0,0,3
Greensboro,,,7,1,0,8
Groton,,,33,1,0,34
Guildhall,,,21,1,0,22
Guilford,,,11,1,0,12
Halifax,,,8,0,0,8
Hancock,,,3,0,0,3
Hardwick,,,19,1,0,20
Hartford,-,"Windsor 6-1",12,0,0,12
Hartford,-,"Windsor 6-2",48,3,0,51
Hartland,,,38,2,0,40
Highgate,,,40,7,0,47
Hinesburg,-,"Chittenden 1-1",25,3,0,28
Hinesburg,-,"Chittenden 1-2",1,0,0,1
Holland,,,13,0,0,13
Hubbardton,,,12,0,0,12
Huntington,,,22,0,0,22
"Hyde Park",,,14,3,0,17
Ira,-,"Rutland Rutland 1-1",0,0,0,0
Ira,-,"Rutland Rutland 1-2",8,0,0,8
Irasburg,,,22,6,0,28
"Isle La Motte",,,4,0,0,4
Jamaica,,,16,2,0,18
Jay,,,5,1,0,6
Jericho,,,48,2,0,50
Johnson,,,5,4,0,9
Killington,,,9,0,0,9
Kirby,,,15,1,0,16
Leicester,,,27,2,0,29
Lemington,,,2,0,0,2
Lincoln,,,24,3,0,27
Londonderry,,,17,3,0,20
Lowell,,,20,2,0,22
Ludlow,,,28,1,0,29
Lunenburg,,,72,8,0,80
Lyndon,,,67,5,0,72
Maidstone,,,14,2,0,16
Manchester,,,58,1,0,59
Marlboro,,,10,0,0,10
Marshfield,,,14,2,0,16
Mendon,,,125,4,0,129
Middlebury,,,24,1,0,25
Middlesex,,,14,0,0,14
"Middletown Springs",,,10,0,0,10
Milton,-,"Chittenden 9",109,7,0,116
Milton,-,"Grand Isle-Chittenden 1-1",19,0,0,19
Monkton,,,16,0,0,16
Montgomery,,,4,0,0,4
Montpelier,,,55,5,0,60
Moretown,,,22,1,0,23
Morgan,,,11,4,0,15
Morristown,,,30,6,0,36
"Mount Holly",,,26,1,0,27
"Mount Tabor",,,2,0,0,2
"New Haven",,,12,2,0,14
Newark,,,16,0,0,16
Newbury,-,"Center Town House",38,1,0,39
Newbury,-,"Town Office",16,0,0,16
Newbury,-,"West River Village",12,1,0,13
Newfane,,,12,0,0,12
"Newport City",,,101,13,0,114
"Newport Town",,,21,9,0,30
"N. Hero",,,11,0,0,11
Northfield,,,52,3,0,55
Norton,,,10,3,0,13
Norwich,,,29,0,0,29
Orange,,,9,8,0,17
Orwell,,,20,5,0,25
Panton,,,7,0,0,7
Pawlet,,,19,2,0,21
Peacham,,,17,0,0,17
Peru,,,8,0,0,8
Pittsfield,,,14,6,0,20
Pittsford,,,22,3,0,25
Plainfield,,,6,1,0,7
Plymouth,,,7,1,0,8
Pomfret,,,9,2,0,11
Poultney,,,36,1,0,37
Pownal,,,22,1,0,23
Proctor,,,9,2,0,11
Putney,,,18,1,0,19
Randolph,,,110,12,0,122
Reading,,,12,0,0,12
Readsboro,,,14,1,0,15
Richford,,,20,2,0,22
Richmond,,,70,3,0,73
Ripton,,,3,0,0,3
Rochester,,,15,5,0,20
Rockingham,,,29,4,0,33
Roxbury,,,5,0,0,5
Royalton,,,24,2,0,26
Rupert,,,12,0,0,12
"Rutland City",-,"Rutland 5-1",39,3,0,42
"Rutland City",-,"Rutland 5-2",53,3,0,56
"Rutland City",-,"Rutland 5-3",22,1,0,23
"Rutland City",-,"Rutland 5-4",41,2,0,43
"Rutland Town",,,406,11,0,417
Ryegate,,,24,2,0,26
Salisbury,,,6,0,0,6
Sandgate,,,9,0,0,9
Searsburg,,,3,2,0,5
Shaftsbury,,,37,4,0,41
Sharon,,,10,4,0,14
Sheffield,,,5,1,0,6
Shelburne,-,"Chittenden 5-1",63,4,0,67
Shelburne,-,"Chittenden 5-2",32,3,0,35
Sheldon,,,22,12,0,34
Shoreham,,,22,0,0,22
Shrewsbury,,,41,1,0,42
"S. Burlington",-,"Chittenden 3-10",32,0,0,32
"S. Burlington",-,"Chittenden 3-7",45,6,0,51
"S. Burlington",-,"Chittenden 3-8",44,6,0,50
"S. Burlington",-,"Chittenden 3-9",40,9,0,49
"S. Hero",,,14,4,0,18
Springfield,-,"Windsor 1-1",3,0,0,3
Springfield,-,"Windsor 1-2",145,6,0,151
"St. Albans City",,,41,11,0,52
"St. Albans Town",,,65,8,0,73
"St. George",,,7,0,0,7
"St. Johnsbury",,,184,13,0,197
Stamford,,,5,0,0,5
Stannard,,,3,0,0,3
Starksboro,,,15,0,0,15
Stockbridge,,,7,0,0,7
Stowe,,,17,1,0,18
Strafford,,,5,1,0,6
Stratton,,,5,0,0,5
Sudbury,,,10,1,0,11
Sunderland,,,8,0,0,8
Sutton,,,15,7,0,22
Swanton,,,233,26,0,259
Thetford,,,21,1,0,22
Tinmouth,,,39,0,0,39
Topsham,,,27,1,0,28
Townshend,,,10,1,0,11
Troy,,,14,0,0,14
Tunbridge,,,17,8,0,25
Underhill,,,30,1,0,31
Vergennes,,,21,1,0,22
Vernon,,,52,5,0,57
Vershire,,,10,0,0,10
Victory,,,2,0,0,2
Waitsfield,,,37,2,0,39
Walden,,,10,0,0,10
Wallingford,,,43,3,0,46
Waltham,,,3,0,0,3
Wardsboro,,,4,0,0,4
Warren,,,16,3,0,19
Washington,,,16,0,0,16
Waterbury,,,38,5,0,43
Waterford,,,28,2,0,30
Waterville,,,4,0,0,4
Weathersfield,,,22,0,0,22
Wells,,,18,0,0,18
"W. Fairlee",,,8,0,0,8
"W. Haven",,,8,0,0,8
"W. Rutland",,,39,0,0,39
"W. Windsor",,,12,3,0,15
Westfield,,,12,3,0,15
Westford,,,17,0,0,17
Westminster,-,"Windham 4",0,0,0,0
Westminster,-,"Windham 5",43,1,0,44
Westmore,,,1,2,0,3
Weston,,,15,0,0,15
Weybridge,,,9,1,0,10
Wheelock,,,12,1,0,13
Whiting,,,6,0,0,6
Whitingham,,,8,0,0,8
Williamstown,,,20,3,0,23
Williston,,,45,1,0,46
Wilmington,,,27,1,0,28
Windham,,,2,0,0,2
Windsor,,,32,1,0,33
Winhall,,,16,1,0,17
Winooski,,,15,0,0,15
Wolcott,,,10,4,0,14
Woodbury,,,25,6,0,31
Woodford,,,7,0,0,7
Woodstock,,,33,2,0,35
Worcester,,,11,2,0,13
TOTALS,,,"7,260",680,0,"7,940"
