City/Town,Ward,Pct,"Ben Eastwood",Write-Ins,Blanks,"Total Votes Cast"
,,,
Addison,,,1,0,0,1
Arlington,,,0,1,0,1
Bakersfield,,,1,0,1,2
Barnard,,,1,0,0,1
"Barre City",,,0,0,1,1
"Barre Town",,,2,0,0,2
Barton,,,1,0,0,1
Bennington,-,"Bennington 2-1",3,0,2,5
Bennington,-,"Bennington 2-2",0,0,3,3
Benson,,,1,0,0,1
Berlin,,,0,0,1,1
Brandon,,,6,0,5,11
Brattleboro,-,"Windham 2-1",2,0,0,2
Brattleboro,-,"Windham 2-2",1,0,0,1
Brattleboro,-,"Windham 2-3",5,0,1,6
Bristol,,,2,0,1,3
Brookfield,,,1,0,0,1
Brownington,,,1,0,0,1
Burlington,-,"Chittenden 6-1",4,0,3,7
Burlington,-,"Chittenden 6-2",9,0,2,11
Burlington,-,"Chittenden 6-3",15,1,12,28
Burlington,-,"Chittenden 6-4",7,0,8,15
Burlington,-,"Chittenden 6-5",3,0,3,6
Burlington,-,"Chittenden 6-6",1,0,2,3
Burlington,-,"Chittenden 6-7",0,0,0,0
Calais,,,1,0,1,2
Cambridge,,,1,0,0,1
Canaan,,,0,0,1,1
Castleton,,,1,0,0,1
Cavendish,,,2,0,1,3
Charleston,,,1,0,1,2
Charlotte,,,0,0,1,1
Chester,,,1,0,0,1
Chittenden,,,1,0,0,1
Clarendon,,,0,0,1,1
Colchester,-,"Chittenden 9-1",1,0,0,1
Colchester,-,"Chittenden 9-2",0,0,0,0
Cornwall,,,1,0,1,2
Coventry,,,0,0,2,2
Craftsbury,,,1,0,1,2
Derby,,,2,1,0,3
Dorset,,,1,0,0,1
Dummerston,,,1,0,0,1
Duxbury,,,0,0,1,1
"E. Montpelier",,,1,0,0,1
Enosburgh,,,8,0,4,12
Essex,-,"Chittenden 8-1",1,0,0,1
Essex,-,"Chittenden 8-2",0,0,0,0
Essex,-,"Chittenden 8-3",0,0,0,0
Fairfax,,,1,0,1,2
Fairfield,,,1,0,0,1
Fairlee,,,1,0,0,1
Fayston,,,1,0,0,1
Fletcher,,,1,0,1,2
Franklin,,,0,0,1,1
"Grand Isle",,,2,0,1,3
Granville,,,0,0,1,1
Greensboro,,,1,0,0,1
Guildhall,,,1,0,0,1
Hardwick,,,0,0,1,1
Hartford,-,"Windsor 4-1",0,0,0,0
Hartford,-,"Windsor 4-2",1,0,1,2
Hartland,,,1,0,1,2
Highgate,,,0,0,1,1
Hinesburg,-,"Chittenden 4-1",0,0,0,0
Hinesburg,-,"Chittenden 4-2",2,0,0,2
Huntington,,,1,0,2,3
"Hyde Park",,,0,0,1,1
Ira,,,1,0,0,1
Irasburg,,,0,0,2,2
"Isle La Motte",,,0,0,1,1
Jamaica,,,0,0,1,1
Jericho,,,0,0,2,2
Johnson,,,1,0,0,1
Landgrove,,,2,0,0,2
Leicester,,,2,0,0,2
Lincoln,,,0,0,1,1
Londonderry,,,3,1,8,12
Lowell,,,2,0,0,2
Lunenburg,,,0,0,1,1
Marshfield,,,4,0,0,4
Middlebury,,,2,0,1,3
Middlesex,,,2,1,5,8
"Middletown Springs",,,2,0,0,2
Monkton,,,0,0,1,1
Montgomery,,,4,1,0,5
Montpelier,,,14,0,5,19
Morristown,,,2,0,0,2
"Mount Holly",,,1,0,1,2
Newark,,,1,0,0,1
Newbury,,,1,0,1,2
"Newport City",,,2,0,5,7
"Newport Town",,,1,0,0,1
"N. Hero",,,0,1,0,1
Norwich,,,3,0,1,4
Orange,,,0,1,2,3
Panton,,,0,0,1,1
Peacham,,,2,0,1,3
Pittsford,,,1,0,0,1
Plainfield,,,3,0,0,3
Plymouth,,,1,0,0,1
Pownal,,,1,0,1,2
Proctor,,,0,0,1,1
Putney,,,2,0,0,2
Randolph,,,2,0,0,2
Readsboro,,,0,0,1,1
Rockingham,,,1,0,0,1
Roxbury,,,1,0,0,1
Royalton,,,1,0,0,1
"Rutland City",-,"Rutland 5-1",0,0,0,0
"Rutland City",-,"Rutland 5-2",0,0,1,1
"Rutland City",-,"Rutland 5-3",0,0,0,0
"Rutland City",-,"Rutland 5-4",0,0,0,0
"Rutland Town",,,0,0,1,1
Ryegate,,,2,0,0,2
Shaftsbury,,,1,0,1,2
Shelburne,-,"Chittenden 5-1",3,1,2,6
Shelburne,-,"Chittenden 5-2",1,0,0,1
Sheldon,,,1,1,1,3
Shoreham,,,1,0,1,2
"S. Burlington",-,"Chittenden 7-1",0,0,0,0
"S. Burlington",-,"Chittenden 7-2",0,0,2,2
"S. Burlington",-,"Chittenden 7-3",1,0,1,2
"S. Burlington",-,"Chittenden 7-4",0,0,2,2
"S. Hero",,,0,0,1,1
Springfield,-,"Windsor 3-1",0,0,0,0
Springfield,-,"Windsor 3-2",0,0,2,2
"St. Albans City",,,1,0,1,2
"St. Albans Town",-,"Franklin 3-1",1,0,0,1
"St. Albans Town",-,"Franklin 3-2",1,0,2,3
"St. Johnsbury",,,2,0,0,2
Strafford,,,0,0,1,1
Swanton,,,1,0,0,1
Thetford,,,1,0,1,2
Troy,-,"Orleans 2",0,0,2,2
Troy,-,Orleans-Lamoille,1,0,1,2
Underhill,,,1,0,0,1
Vernon,,,1,0,0,1
Vershire,,,0,0,1,1
Waitsfield,,,1,0,0,1
Walden,,,0,0,1,1
Washington,,,2,0,1,3
Waterbury,,,0,0,1,1
Waterville,,,0,0,1,1
Weathersfield,,,5,1,2,8
"W. Haven",,,0,0,1,1
Westminster,-,"Windham 3",0,0,0,0
Westminster,-,"Windham 4",0,1,1,2
Weston,,,1,0,1,2
Weybridge,,,0,0,1,1
Whiting,,,1,0,0,1
Williamstown,,,0,0,1,1
Williston,,,1,0,1,2
Wilmington,,,2,0,0,2
Windham,,,0,0,1,1
Winhall,,,0,0,2,2
Winooski,,,2,1,1,4
Woodbury,,,0,0,1,1
Woodstock,,,0,0,1,1
TOTALS,,,206,13,157,376
